0.017816238051583583
0.03158568501469417
0.023789559228698902
0.06380046317356743
0.045668073178529944
0.09036102695096689
0.04225799765120981
0.03610776913665525
0.06051010829357992
0.04189472030839578
0.046132883150035116
0.02240859280989259
0.050746480893195986
0.03629620455364938
0.018635408549987895
0.0241933397023906
0.025516121211844777
0.02761331539827796
0.033086269162042006
0.02572612240800352
0.014003970650596225
0.023415733302157047
0.024857222127191797
0.023969035099278547
0.04476577243895055
0.015016359870496359
0.06402466428341831
0.05127782518474787
0.10372281626970972
0.054719134764385315
0.024564886430416162
0.07254850155030837
0.05923253409740592
0.02222437404556167
0.020354329234559924
0.02061230912899739
0.07325105671772425
0.021517302592596356
0.036523606802284066
0.039197586416462656
0.027582181021638463
0.022028073023129993
0.04025846832441447
0.019063155145785382
0.024070094643143393
0.01642143759263537
0.023974851192472967
0.08776270660375513
0.07262455568831867
0.01636537242068283
0.030119029381241724
0.02830465438615281
0.038770518626397674
0.1328127443509306
0.05935512837597664
0.04311786576417445
0.025283575541876428
0.06781735061655506
0.033286738083911055
0.015106161852345524
0.042624179084210415
0.041375351650048596
0.06862823286496654
0.018400560428380022
0.07916170257375682
0.0447947789148314
0.08090532210468507
0.021775255958925734
0.03752760024093017
0.031977468186175875
0.028794884140932744
0.0763592778058951
0.04700895020909569
0.03435038222264222
0.08885562944680342
0.04489710356744428
0.02540152217538523
0.031110997493600696
0.030633012879008513
0.03336751991993712
0.02888748758916685
0.14499215089866824
0.05133284228935449
0.019467706238674224
0.03944839014097683
0.015703647579650516
0.01426196374426621
0.051027089225548675
0.08482063951986554
0.01726892535359307
0.026777570737703087
0.02101343843541087
0.043055504879367115
0.04243242499848665
0.032717217311036086
0.032843263102265
0.20113921945875118
0.026324047362504027
0.08323170331932783
0.05080479126264996
0.031248256827098527
0.026277391089993444
0.04083198566232961
0.03444035402124247
0.04343274244327746
0.03330411704547111
0.048653598673405934
0.019159876675990863
0.1326990734022405
0.04381820782171433
0.07312491809001136
0.04026386861338142
0.02295766828283323
0.01723399290443107
0.03930487554788284
0.0191112175577715
0.03240322424798073
0.06305441353026253
0.0210566327963613
0.07672716415573552
0.0250367245321947
0.03238377134361511
0.024772084227480513
0.031199084278467043
0.03933647999036531
0.032997958282025994
0.023978986006080324
0.05227920203437752
0.06216422202585602
0.01988099738434944
0.014865976969822729
0.0217280186502677
0.05100677942456083
0.0409269698998519
0.03029091570749302
0.03578192659001958
0.01698515292140027
0.021938323098768052
0.02382652204277132
0.016064026202453098
0.024315865701939672
0.015263788084718913
0.03206744105128819
0.02339021483595269
0.014888030856533889
0.0439759894714966
0.027983833569833968
0.04622883321343333
0.02820377310732429
0.05211997215054286
0.06972060697260837
0.04448569144247633
0.034360272720359436
0.013595282460435421
0.08270161449697572
0.031637316629191364
0.03890333239742376
0.04280164658379222
0.026960194511609768
0.027844542066559445
0.027610269421455773
0.05769146555190191
0.12737426042799546
0.02125861267119967
0.02932094871085153
0.022708043171476636
0.028565642836949193
0.02928827420882546
0.03689112842292686
0.04475626579378145
0.015529718111639291
0.018044952541431777
0.021646197805599364
0.039309727603317815
0.050886884951065726
0.026594524226854946
0.0707920253096401
0.03565678211520274
0.03086914458497511
0.027212854532906554
0.025281227454513104
0.01708678983949325
0.03762833612839817
0.032861638275139535
0.09732386716363654
0.026718192379959947
0.04061990360482538
0.02667740161566734
0.07115848548438067
0.09025263482912468
0.01303571690542283
0.027111423129843694
0.017788938519461478
0.0548933657796602
0.01094533790370051
0.039093346835184103
0.13294097082634682
0.11308516341512896
0.02818415291441563
0.03676341901820324
0.017394915633660975
0.05361015786689252
0.02199130749653351
0.033286277919235295
0.035413359239921685
0.03462471487489306
0.024165744483289887
0.2537956030625067
0.0408358695356093
0.04297766559853093
0.048648620798971726
0.038298470600730786
0.026542615268359066
0.07171296037437576
0.022456505084571532
0.05036902703855048
0.04076768068988482
0.09017555368279187
0.023219048070300785
0.04146374117081601
0.043119596769076896
0.03732256847729511
0.1665164887058374
0.012395237611826506
0.1194616893609319
0.07508924658801794
0.013774123321837506
0.025385988784091162
0.016400025616529493
0.015359098106351853
0.01961724946838777
0.0446949056594748
0.08626695416814348
0.05351999722394324
0.030600094869688583
0.054107692487317186
0.05449795893639656
0.032517221003067476
0.015142945634993497
0.02074687557462839
0.03556310509972928
0.03860206315315973
0.030408951382138893
0.029935488659346313
0.023908488391329544
0.028220327609089123
0.05264836479631698
0.021076641854038094
0.05685496129790131
0.019904790365424276
0.05782940338847481
0.037616381883456854
0.05576339108931863
0.01820388564779542
0.030328517071917315
0.1016248409797869
0.027565464062179152
0.0743762288875639
0.03921251297572985
0.08423786890420487
0.06885577991609224
0.027412073952792094
0.043616469532691944
0.06531194651502874
0.025890487820273596
0.05765972807322632
0.1529317657749935
0.02494974699157681
0.019652937991293157
0.07178930890642177
0.046829647159192515
0.052191035429707086
0.026661441402111255
0.08500928268028698
0.12464189627718247
0.05959932446255794
0.029486248122093668
0.03018311432994969
0.027177729205045784
0.051483419575203714
0.017674441982558027
0.03085062996632147
0.05000289333920357
0.0300908353312804
0.05860937361231347
0.018759763374231783
0.01749703799446667
0.08240058463268288
0.037674910274596185
0.045115429796369316
0.05648741401580844
0.030390005068960484
0.03534091730960417
0.04441527144139806
0.05753093755054722
0.05932413408258451
0.04100027705097006
0.0291891139914376
0.08132660751661769
0.03059007143040635
0.03206235039702143
0.05166346697984529
0.014981320627538656
0.025926010649480878
0.020993300245607374
0.06796863341464811
0.04241072581785467
0.06982159922767381
0.037553238931009036
0.018768816688411655
0.025152084298192504
0.02317902902020058
0.11867213324476697
0.019229502095744245
0.06384095655097369
0.038269015594884506
0.021631182917904758
0.0568089116095408
0.08303043370097293
0.014516472835315816
0.33347819494233444
0.047182214883765464
0.14714178679341738
0.04310663188427655
0.06280568336772009
0.023255082043353137
0.020469290028129243
0.039531446620092295
0.05564757194556034
0.01979263793998408
0.08754374573876564
0.031566584939829265
0.02758070193138399
0.03518503164950122
0.022132704356731134
0.07216273008674842
0.036393543225710555
0.08045992630225648
0.03683696933221351
0.021192882117460485
0.027722424806132268
0.019432282053341847
0.01817994692167569
0.03126080376748369
0.01715963767776356
0.035735394835251524
0.03624176144093551
0.029043771564129035
0.15636809876560204
0.026832876581781528
0.06334123980150222
0.048731372575365695
0.024183441699701068
0.04645288359937507
0.052974091962289395
0.06742277606007786
0.038415743284368684
0.023848971594209283
0.02135264606207472
0.02766600648313626
0.07974839152130461
0.03286049940439481
0.03351882396693749
0.05523642314393566
0.040238240296953706
0.03896600349476323
0.062681027488993
0.041720495154879564
0.10449502760513477
0.041678823811356985
0.0509830109423116
0.05683549470531605
0.020816518206048164
0.029561233786208903
0.023308131508998443
0.028248083633929416
0.06421172768267477
0.014021645671666763
0.016220993398454175
0.0400442351611392
0.058188740581443674
0.03598115568034971
0.018198979795224154
0.020433679344624003
0.031031677499740597
0.04967900636914528
0.058856113099508126
0.05181603436653605
0.019382770145427962
0.016989782544208024
0.03387446471977293
0.03660830951576319
0.04439904300613709
0.030160827096413337
0.05669210918970859
0.09746553102060862
0.04647983656097649
0.0955050785760799
0.03602493340011178
0.055289675549542595
0.07059808448054888
0.03772889824178528
0.02190435089272417
0.039636519586917746
0.04810682264601182
0.028959742420235725
0.08714724968455637
0.06076231441563968
0.017732186785772444
0.022691723985087314
0.07937180965415044
0.016470294380949102
0.022432433300002746
0.027103408925900664
0.028618541139656235
0.03660356137555686
0.0705388314051204
0.06778854664503897
0.06631132291648453
0.0445424630970711
0.03555708746992921
0.08391262910648578
0.03772678883083831
0.03486098501430228
0.08454143823389294
0.023519591910996868
0.03035918653693462
0.018754150692294268
0.13704895605404976
0.04852347409094306
0.03836049209728987
0.1018422817670066
0.057750559754795566
0.03515986670536151
0.016185651742856078
0.012242764428275455
0.07014466126733934
0.02817015420114978
0.045092873974116404
0.04569684223453095
0.039952598717219304
0.0349570107209279
0.029678424631115145
0.07495362092010599
0.0528657168126057
0.05515422490451308
0.07978481782686073
0.02131990626256911
0.012070482967345014
0.034232303122763166
0.023282776469596922
0.03263226484466443
0.04779975562334483
0.02907111471648735
0.05088472452463204
0.029091590787151216
0.0418141978008663
0.017522961468515542
0.05350364875502006
0.035855028697895266
0.022758248947836332
0.022605067687252553
0.0351345547276611
0.02921786387331352
0.015990962617260702
0.017118875997140827
0.03789693540017573
0.017764209119792096
0.056445037700117634
0.018884941718998037
0.023488697564086433
0.04832536322223015
0.016814555525680574
0.06252483394885384
0.05762808651886981
0.021862452926046487
0.18290803088332908
0.04175568813245392
0.08454346102835973
0.03836203031021483
0.059159672115639814
0.016523948819134472
0.062445676946050854
0.03676823688489192
0.03782726648085024
0.052140341360686404
0.08444714912450108
0.04140573171790024
0.05418031714156246
0.12932056369540074
0.058587212528733106
0.016841607720762958
0.04601792878841658
0.0408211366887819
0.02529335373297159
0.015468989602948943
0.024817991296098837
0.018375766947033426
0.016014013955096683
0.04203946819093735
0.016169283080561828
0.03293304477422463
0.018195563053703675
0.02464453888647785
0.030692230531042287
0.0254102515458952
0.13442663618131387
0.020318032250514442
0.01290501653583607
0.026899069464440817
0.1926073519831769
0.03452272703310867
0.06220000858662281
0.03709729515441573
0.021245843691698383
0.02285776110024257
0.06619445700876578
0.15742570253604626
0.08688777609559356
0.06475853419201817
0.06463200302689588
0.09599200585154122
0.044850324763199875
0.019972987512306993
0.025786884949500242
0.02535738199888961
0.181389972588146
0.04620092890768495
0.042302476059874784
0.026736565093082386
0.04073116644071263
0.0344214300172435
0.023002367554244736
0.03606109557387983
0.017016946148969998
0.06842038357594138
0.08920706159850547
0.029387255652233667
0.012131699862115847
0.13831533683931113
0.029095649716396117
0.030806246195543
0.026673371707795046
0.04438783217543145
0.08190582919250206
0.06888957933580753
0.051447874652651646
0.04607586153668784
0.029064995434225253
0.027744248168951303
0.13712215085826332
0.037465929467730606
0.07693510825107816
0.16931959713693018
0.0545483995311081
0.025375877830931707
0.06708693200481866
0.02943923584774112
0.018676735143166562
0.029195439287970137
0.052313243184728284
0.01628879936032701
0.05116548299
0.03087764693879439
0.030908710375571816
0.02416460633496616
0.0355035534269195
0.018204526694878164
0.03360754362165054
0.014028273444861464
0.013736405941247844
0.055091556470988005
0.0355456003410189
0.09005832419281551
0.022632487125603708
0.12867177240630678
0.02939971302778807
0.055281350492562845
0.02253195731853944
0.10423134876662636
0.019323685685806453
0.032617260950692784
0.023085018221144588
0.028555110136102083
0.01789397369808475
0.04003747477895995
0.03908427328748984
0.0272768571539505
0.03231740206382048
0.027505956107042363
0.12258772382082864
0.016984143677722795
0.018132444027875706
0.13936299505830393
0.039090605185823045
0.04304116627188695
0.02085299339890405
0.013007545602176063
0.016686310040562712
0.042687601027732516
0.03136301808605749
0.043578768110998346
0.016192833313245357
0.09339508430125196
0.033149338702173105
0.04424397083113432
0.12246055382709148
0.012839361306359862
0.022962914944182778
0.06338504295526456
0.04363204760984499
0.04117043350203247
0.03401759883255111
0.024915764104846902
0.023363136945464477
0.021462851493633306
0.07915946138871523
0.07463864652910972
0.02158241489234961
0.0959870545580937
0.07842394953205044
0.0243806171055733
0.020243109001317004
0.07671656878027289
0.04968025274495626
0.02741479566796542
0.05424742847918569
0.0206042403004851
0.04206605747321135
0.03192824839737598
0.017856865192269596
0.04184563896537377
0.03826526669943385
0.034368448355875145
0.024036515051497412
0.03317717950999288
0.03945124018442647
0.031093001681476613
0.04224723824823831
0.06045718864828023
0.026283603036564032
0.039468832412835844
0.018469813141383705
0.05949819274967165
0.03741572684757363
0.01778634680256163
0.06784395885654881
0.04389422029542933
0.02357865539538303
0.050976793270324394
0.023665565507616483
0.08077857354650567
0.061518266564313764
0.015334009204918172
0.12584137190360684
0.02172074109879433
0.11917384248631845
0.01759157385908567
0.0599101908734206
0.05103228156712738
0.028797877755127085
0.06350970523945644
0.08974049880914649
0.06451997017961851
0.05178473811272037
0.031165364509678477
0.026456681387679877
0.018862802030005718
0.023334701534580605
0.0900964188044146
0.0425943152910655
0.07252008435733186
0.04346081025069694
0.08031764620618412
0.13174189715462
0.02475829721902193
0.019076788859138716
0.03574221607847884
0.017330711853690603
0.021132211415951615
0.040834468508866545
0.039570393387913246
0.02008914247963685
0.02393768793662108
0.018104034436063544
0.02496645509229035
0.04179908335950784
0.03549417669513566
0.019188843821757347
0.01807003917174651
0.01862880160088945
0.08009435692777953
0.022882321251796352
0.019179741172738858
0.03616099667858423
0.0464804685506065
0.08466168857451015
0.049637933677393484
0.05061102027475018
0.016128319569427042
0.04445144581252405
0.06127524278636021
0.04210656740186906
0.04855982101684212
0.02264623933726763
0.030517344104024555
0.03284062413421603
0.06658114670635282
0.038516314952280806
0.07871399872360708
0.09612754454732139
0.07879510098950385
0.14549270591497257
0.054030447810391326
0.0480567057432415
0.023100288694557575
0.02824795191216633
0.06790647888758813
0.022834425318868007
0.07570492627097308
0.021454911678446792
0.049587793603469946
0.014505592776667513
0.03941801943296276
0.07343665361671278
0.030745777711964108
0.0588669974635328
0.04655014170261481
0.020281698032156042
0.029268103990073895
0.014344042574180333
0.0269324990315888
0.020644764420436904
0.0230797235335362
0.06510335469114165
0.05223514202107431
0.019059148776916435
0.020900981386762274
0.025831920553729112
0.0935991038917803
0.022190810734813767
0.03196823622129074
0.025197852337411453
0.015059774549261596
0.030964083288876912
0.040082206855806754
0.06229860591401939
0.04382520322520696
0.018763052782424898
0.029885914380009634
0.06293861173886982
0.04779445522281453
0.024921796500721398
0.02736012521436959
0.020234141264789257
0.02246279037267029
0.03719760311942166
0.02420757057921758
0.03917512262755557
0.034357382664240634
0.022037917787641102
0.06572832656574505
0.06483005760617949
0.025500141575181955
0.025081903764931385
0.01357047937633574
0.0428326275528227
0.026331364479724007
0.05438232029270494
0.03830772715296927
0.023440422661170805
0.05434991377171598
0.07245668065932244
0.02505031133341585
0.02427878651949352
0.03627859785253204
0.018109821290291248
0.01563340919455138
0.0249924219620632
0.04895598837971819
0.017507552402690533
0.0189543541948177
0.023122614141962268
0.014452121400632706
0.024716119564552323
0.016874835660100836
0.04382609301940239
0.023762268536319686
0.016788071912422146
0.025845676582537214
0.05553500928058215
0.034612256321919284
0.014129527847214357
0.04627215291761681
0.049808189298948743
0.04160689839198195
0.031693414180049326
0.06346797414929126
0.020604104720055763
0.05481353496526826
0.06663774827573006
0.017265912399206086
0.0984435460370302
0.030830185822339963
0.039952095731342376
0.03328944247498532
0.023455394794388063
0.03172787213594079
0.023410004375088615
0.24496085030986162
0.04110082549467189
0.02358014849970471
0.06883498605473316
0.011581336330671469
0.02637842286054961
0.025216251693219442
0.025963946529754204
0.07715636262136212
0.024016678740537492
0.052986718947806016
0.024260956123544907
0.036391575735167284
0.0181970319697335
0.028272155037342407
0.014892274162871557
0.030715903211228017
0.03995595123009238
0.022023133988660598
0.03241107909241567
0.024320269719110194
0.028051248205363366
0.019049617175845142
0.04362123043561808
0.030162577245435987
0.02626218225113998
0.02471104503424407
0.024233356234937282
0.02153087318861481
0.07241470640065376
0.028422820773084966
0.07802863690507267
0.02185132653032589
0.01577560824995911
0.08490489175975258
0.06238273767124771
0.0544829549093442
0.04423451346140381
0.039765478086372416
0.02851963061649873
0.0319493040036267
0.13201445530550948
0.022066735701158864
0.03430205161370076
0.12454867683766974
0.05363557419357394
0.04218380347059665
0.05461197849628288
0.03954916621296241
0.033844038519286496
0.03871124470872766
0.03637174141842793
0.04664712597305517
0.023991250691478807
0.040937997327742254
0.021768963154521412
0.03938200533724423
0.039279496521315335
0.020392931818345485
0.033554462757305094
0.038295294099634246
0.030279461106557423
0.012384116000039892
0.05446141144136654
0.022164039921037854
0.02276910859906955
0.025927106395817634
0.06207732408237942
0.10749644633714384
0.021593830665257573
0.028451128062593124
0.017484110397536758
0.04355509907624296
0.06245183519119593
0.026285197342071895
0.018191058710557602
0.026320865667813657
0.047088307928509404
0.01594080923563413
0.04222793604017051
0.017922995020876624
0.04257383590370856
0.0893477829903558
0.03750959378903658
0.06550731063319677
0.034886789440746774
0.027520019912694194
0.04082208014779946
0.024110560300573562
0.05290810628248502
0.06949631221099942
0.061449255200975945
0.035851086710289456
0.03029228010598898
0.01715147672288598
0.0719568197385122
0.015009694810189865
0.029850373705262598
0.029437057232912
0.055100051074362624
0.10715671866848117
0.07258537151947476
0.07193042091218209
0.07730850719532148
0.022263740793011542
0.022564933241882502
0.03632142175556691
0.08312271048589687
0.11890805078695474
0.0315710819917745
0.05462404217795627
0.07439171892783789
0.05080496964693215
0.034029898251567436
0.07447308174405154
0.03178793450400991
0.05782758962393482
0.034129995205357685
0.019043063123082085
0.028462323455276568
0.015018664516879606
0.0372570874255668
0.022514637296290683
0.027218662349530194
0.024398575231939952
0.03782410282479003
0.019495415121090758
0.01694914155334065
0.08712635803310356
0.07845850305612626
0.021909939621741398
0.03332738680021413
0.04995781120033805
0.03446531483289313
0.08492939742922923
0.035366146513992176
0.04792677758770862
0.016285730081795874
0.04244291685975121
0.0616570475276471
0.030070689083118884
0.041176730725790325
0.015245514571251003
0.031966897251108975
0.03097004889176308
0.019288178177133887
0.028927271135578428
0.0419836336753824
0.022446445890844297
0.01818640105463489
0.0515890042614238
0.020669262981417805
0.027563692914702523
0.02248053100999601
0.03454363676462601
0.11736901398415828
0.015352345956560943
0.019320157249360974
0.05306447414385677
0.024232925196218558
0.058692108401220904
0.019582291175634706
0.03266000544362019
0.03702041642921095
0.10645941300966505
0.027751203060484807
0.08351936553893363
0.04595365454575914
0.02491464906977027
0.06496907762377338
0.027700444289258264
0.0701186060638585
0.044625631728923615
0.06479976539820034
0.052366759459528504
0.05919943787073535
0.021994036900302123
0.0251020671204866
0.05504616038284664
0.018151992835056106
0.049514132010368445
0.05514529095299352
0.02096283880051359
0.025831628177501398
0.017687315404514625
0.020997368497983514
0.040171183592198526
0.017395354770873058
0.052254666639535846
0.024521924234781174
0.029243312581914552