0.030075691808569505
0.07290365264668264
0.048936763864548705
0.1378769061442786
0.10841845726008698
0.15203362465761533
0.10369636178969899
0.09581867823678408
0.15041862091941893
0.11507232747007884
0.11104161460080542
0.052117287920988464
0.1170394815470136
0.06337850926038235
0.03883054821778986
0.06180870868860566
0.05327754739405299
0.07517363151623091
0.059193826419315976
0.06743074740649468
0.005280771463353151
0.06419334882406474
0.03886875827760222
0.04608579306925209
0.13825417371404142
0.021410514054199248
0.1545621901060184
0.09832561338914508
0.27635190343407395
0.11413312801284226
0.043906240350917836
0.14457075083888504
0.1337168077282524
0.05449140727711288
0.04789840934959744
0.05042939445838912
0.11749872036708042
0.021121665605322693
0.07897107684168714
0.09867662870638738
0.07777235460271276
0.050661166679734526
0.054748937675485276
0.04599505101082518
0.054514613259722566
0.037748529454741164
0.06110962800738662
0.12972284986629568
0.15150943538528938
0.01956198400993958
0.06271487971705447
0.0876566937342414
0.09477195598287769
0.2119168198402436
0.10296137008572426
0.07602705585912745
0.06584023877504253
0.13862154990028763
0.06482009997476823
-0.0034623714549416595
0.07171413136398586
0.09661841727985199
0.16546806827176985
0.03548149936954448
0.15348314529866117
0.09292470981127776
0.13656715830357924
0.04263190675872852
0.09167609011492334
0.06507841237833245
0.06455532290436622
0.14239400418815512
0.11779483033833871
0.09570865744861812
0.14190615038009496
0.11658259052418318
0.06826909824350003
0.07631560906707124
0.08954530978371011
0.07609685419590967
0.06985383668348599
0.23040885812122136
0.11061033310593527
0.03307747035830805
0.08343849101150685
0.009059508964606167
0.019272465684185613
0.10175300905476209
0.15755401631192434
0.021829084879698257
0.041776707139175806
0.00935713161292362
0.07735833025102967
0.059586163582918183
0.04648814880224539
0.07822891200711368
0.22968627958521964
0.078171289883466
0.1736834306839439
0.12355436052586732
0.050644187195269974
0.07531824905575857
0.07069980403275405
0.07476366231294573
0.08188672855338247
0.08428612626570708
0.11971173070722485
0.031156017991629315
0.19154722336092272
0.10149184273924294
0.14601108803990398
0.07344032323041716
0.039232608655472345
0.03055422334876412
0.09593442511221695
0.027047328866911635
0.06862491528323467
0.13913823765348948
0.049782340730668506
0.12293989107543979
0.05962352097332424
0.0736893442558631
0.059138881856805214
0.06479103756997395
0.08267267201031192
0.04408091576886125
0.0728066060658647
0.10355328114616313
0.13519937319531922
0.031527862694978814
0.011141589277527841
0.029470546347400428
0.11743650850137877
0.09222270773417618
0.07600304081349402
0.08809403550460138
0.023297058938509307
0.057487204835827255
0.06556791849705967
0.007179535261314762
0.03834061642121389
0.018234374585246793
0.06909961235696394
0.0668944287493316
-0.004446656670574423
0.11835454930695877
0.0808686280338225
0.10993189999107783
0.045111795151529965
0.14509924194324975
0.14024133631107139
0.09657903071031737
0.06046506000012114
0.0023498550027882814
0.14146756916269743
0.054482045157015546
0.08357596364170966
0.07105089641124962
0.055969290192139365
0.07377611141350143
0.04297744097241196
0.12269502931890147
0.1654998646533925
0.0489899160106303
0.07198768668706784
0.01740648903334774
0.06174436918152715
0.09307810750646567
0.08482746458475843
0.10118334594636114
0.01485311380006421
0.024452749469969115
0.040751160934029806
0.09519024065052883
0.08353466076078087
0.06545783472780753
0.12570767946494216
0.06116396693717152
0.06176245774799605
0.06594326510174942
0.041026428535965276
0.03376944530057868
0.0504817222439774
0.07473180441718075
0.1646959518380713
0.06647761240759587
0.09515095586816552
0.056402909316887906
0.1641785681261665
0.16778816547992612
0.0056783281610004455
0.05402805727037696
0.019216993120823922
0.1287504859589138
-0.025863985335544237
0.07393549398906274
0.1929564551057702
0.1558744084424873
0.06444037781609746
0.11262007547369285
0.023940031820550156
0.14279087803136825
0.045616911642114566
0.10138808598013438
0.1275634297296928
0.08129400219630722
0.08393878391951293
0.30163898180281
0.08529320162300025
0.07066043968592589
0.12472014563713851
0.07810645192122234
0.025066012619381017
0.11714341081155011
0.05049559181756669
0.08305846830574715
0.10838778486442868
0.1371324440451494
0.05687848731115891
0.0878593054423642
0.08411585828349455
0.07802911030595738
0.22445138161582903
0.010882682104127572
0.1736845913250597
0.10547358613771607
0.01408813603893122
0.03951453767389712
0.012224112602232773
0.017821686056737285
0.04214007144689358
0.0699416072133957
0.15269371894597916
0.10481792586071936
0.0835701493553146
0.11335630728088725
0.10246919959131823
0.08349203401513083
0.020597195148632674
0.05420090639874642
0.09189551857656075
0.0835729478387307
0.06048624788055201
0.05193990845053059
0.051849059318819835
0.07276053632298446
0.13215650372730697
0.05221318466421526
0.1212334946293977
0.012025602110032563
0.13867601198306095
0.09421125935282304
0.11632554343503898
0.033336407807577184
0.09305928441473388
0.15597556694384299
0.0609968392818116
0.13805588808408487
0.10441968590440531
0.12472965815388926
0.1298329847176828
0.059199296517973066
0.09297453944586886
0.18200369248182516
0.04113032932783345
0.1328754205152785
0.19826721511397163
0.06163564715762393
0.05507306073530782
0.14792736492871195
0.10568683698441084
0.12166437905672689
0.03201347516656583
0.14274542666659995
0.24832380617650418
0.1231987912897951
0.06457839461510612
0.08251236908620763
0.05548396262061006
0.11426360540873326
0.03378001302140199
0.06340823734769929
0.11363636718404546
0.05428973509949453
0.11440724627970655
0.04293059404030275
0.020749571837295422
0.19268990601239108
0.1164853494411604
0.08598436723128411
0.13001306706973964
0.10593893349848871
0.0764687592520526
0.09999913008699335
0.09060417893682593
0.1223688518121609
0.07921225504514517
0.08544582428441788
0.14430672316461984
0.038494855838667685
0.07364322697547399
0.11792938785853291
-0.032880247213225244
0.05896714840137374
0.050422534922634155
0.14025009424631452
0.09127499474165668
0.1319185778810134
0.10687242044223266
0.020293163414267068
0.0271175910946575
0.06437753874108204
0.1698405304348765
0.041699402195694124
0.11698871065681893
0.10028262263833643
0.05082583423464271
0.12723633732625267
0.13099439072270147
-0.004618113731357565
0.27078103718289837
0.09447688897968504
0.1638562020290379
0.10490776314167577
0.13658568477222105
0.0574871717973886
0.031488509092136185
0.1294558469296112
0.1283601942017379
0.007212921236717018
0.16021386731578827
0.10465306497212595
0.06028607211261405
0.08720687753685352
0.04854244764193533
0.15176464360103153
0.08264842298010577
0.15743067796104818
0.0941304497755045
0.05411581152869738
0.07138604599952009
0.03843982783488403
0.03437517119226474
0.05802263985106537
0.025714523177051696
0.038755493773337646
0.08310126828063658
0.05728791548765744
0.21143854995302183
0.062076187401451155
0.12524006895468642
0.11984844973600173
0.047018717795441756
0.14636713788509015
0.12409361643356143
0.13281544317347105
0.09886720616735367
0.05796016508404522
0.047709827590342035
0.0691411676958753
0.1565454552718462
0.06315376401574946
0.08768504118310622
0.1109503241085118
0.07321800587130317
0.08237384764266853
0.14633740280103097
0.07489851753256144
0.1359733078460716
0.10487881750616995
0.13814527848889402
0.12049763167043481
0.0399761292368116
0.08120477907504042
0.034493424279703144
0.0916171758153862
0.11531765325013721
0.004397867706350367
0.017082302703538277
0.07221001692420392
0.09535859601386365
0.09311979972868306
0.028019219837848663
0.027688664930878515
0.06433604285844169
0.14619338040588942
0.135602449778794
0.09509716346671493
0.02629856854256002
0.021248499049982494
0.09841581072714994
0.07968391181543988
0.1142298544270749
0.06969910122089706
0.12947577002045796
0.14230691198673157
0.09648046189327875
0.2016145691752944
0.07806064037825622
0.13982916661394046
0.11919867303888548
0.0774377965820649
0.04813771552695395
0.09311329904816545
0.09546413188854985
0.05725143474501326
0.10657418278288705
0.1125525947874762
0.0297067956963164
0.050118847351314
0.16638892651938952
0.026077769210067103
0.05744013816059512
0.07247132800300637
0.05804520957021864
0.12369920652174415
0.13047997377562787
0.15194525974797346
0.1398587413257777
0.10532535936809284
0.07846435292990872
0.15078313394139864
0.06021801174686392
0.08230138077980786
0.11493122724193372
0.04680411249213756
0.06396466554431912
0.031424407498145124
0.19479745508773946
0.13625041272085764
0.09765549356355169
0.20077915143000027
0.1173406061062468
0.07123005742356414
0.006371663083042045
-0.0027958588265435402
0.14461339076165408
0.053828418524041466
0.09803454375821952
0.1156385822009538
0.09295423817678627
0.05072538918709685
0.05891031782048817
0.11118302883675207
0.11704999626234219
0.1263265101441965
0.16143909090347033
0.027509302511617095
-0.02142743472543207
0.07699201376656051
0.04182383135437845
0.07605356337463831
0.10738677039604633
0.05121874121605552
0.1148662342848078
0.05543669350096936
0.11604546324376475
0.008306611523966723
0.11593562500198518
0.10080306056115723
0.06750515545696784
0.03990754295934695
0.07514114558961926
0.07251101732359844
0.01912891192562116
0.01862764120204574
0.07463871553572349
0.03582242644252437
0.1355835589485384
0.035445699462569924
0.05509041135913062
0.10489750656051633
0.0374861990800639
0.12044342068118341
0.11170422972304811
0.04670945222935985
0.17883670988802744
0.1019969402787827
0.13418973295783804
0.08983767963943823
0.0917160375409456
0.01841610477844524
0.16036580711742618
0.07496246349724744
0.09142145312130778
0.08944392745644886
0.14349357582094202
0.10507016413469444
0.11105407497755077
0.1937336692521016
0.14226329180580677
0.0281864396652568
0.11101802422660689
0.10083670965063973
0.07298623756945272
0.010307081797562123
0.02448997462971736
0.03787923115427022
0.014287525619240293
0.07034415979532266
0.026479682793046244
0.0794870236984433
0.03732761749365765
0.042344945829200065
0.07015254382658487
0.06541005147849566
0.16478903936656109
0.02780141161317151
-0.02282514217635978
0.032518588997658804
0.3399023131115621
0.08056748714919143
0.1206408766448464
0.09029297967755257
0.04417103201525541
0.03206152524847805
0.14526443664265432
0.22074508197802306
0.14548296777373226
0.1538086494378006
0.1287005466493099
0.13938637580791224
0.09532144058357106
0.03259574114812869
0.0443167413930422
0.06912782048264199
0.21671261361462152
0.09855134255559755
0.10511332653528022
0.07241709586116962
0.0743685179397634
0.10103346400455998
0.05429058192330555
0.06352487262526069
0.01682975190566338
0.17791035959855392
0.13759164583256944
0.0397004389973189
0.0012897936922343645
0.19785138617388967
0.058486870349836684
0.0828206606645332
0.05716628766128501
0.09507402828803185
0.1761981067268432
0.1307295717511613
0.09566379422077098
0.07556697404379098
0.06534203538698685
0.06955315888902114
0.19680725038361516
0.04271043007806952
0.13417043496460285
0.22408231815246463
0.12609557031600283
0.045241379627254386
0.13701370583161804
0.08287322472085978
0.033483719839997095
0.06498064809508541
0.10954470021862717
0.030131181742597546
0.09627803305053695
0.05205440244123749
0.07582313975861327
0.053717662374246467
0.08620215812867948
0.017232919425317905
0.044248743337639396
0.005030415655909448
0.009212671700896014
0.12242655687611459
0.06387767748865852
0.19030852746029325
0.05457541457727655
0.2475521430051126
0.04723626118360069
0.12550214914549684
0.04741313850119555
0.18929427906397403
0.02448095815465967
0.09617589129894288
0.052926753061956155
0.03985346324816352
0.011868146016174697
0.06789203496536289
0.1145070979332537
0.07381514284916046
0.07940680458516053
0.023107610830431946
0.16611890359648993
0.013947546248949227
0.028653743940855403
0.22221059662534215
0.09497703428890003
0.11083388796566923
0.06358695656512237
-0.024750167096161957
0.02245571173654548
0.1277070094564458
0.06564158463721748
0.1117461760873632
0.01108584964796977
0.12957442963348342
0.06271783467516323
0.10184638483603586
0.19132339142226612
0.010030726599479456
0.04409793452786709
0.1011032439152712
0.10050408367467567
0.09163361469209735
0.0712552594920075
0.05080270625688588
0.025903764756677883
0.04036775151005456
0.1426656753288244
0.19061909337600746
-0.003332569719841305
0.15216769512738199
0.1410047603146386
0.058220633197146654
0.039690780857206454
0.15275744878895323
0.10960644284885068
0.05767264583802639
0.09566647169068954
0.043735062477161524
0.08821355842488854
0.091110238596524
0.01852389337515764
0.11471932335706858
0.09037396930706254
0.07458542413202807
0.06094573022867167
0.07806669479610318
0.08917052892544375
0.07942065947708982
0.09156451024718626
0.12830277531310852
0.058238406041631885
0.09359400772710041
0.03663338357742396
0.13222413638528108
0.09630333355158671
0.028786671104101602
0.09424849043625816
0.0945452514887467
0.04933585433216847
0.11003407762272155
0.05664443405353131
0.1337617698215689
0.13304694811370493
0.015096284783736591
0.18716499322161229
0.040059669556245514
0.1677234379052231
0.03575457050035402
0.13980282684053646
0.10860344618469797
0.07160172609605997
0.12433195074698611
0.1622408975034345
0.1411122823366256
0.11858978820718569
0.07207828861630144
0.05359051213065835
0.036608260401202575
0.0690493280968319
0.1446947202429706
0.11604976242387766
0.13719484657978437
0.09349277457250715
0.11946494560816068
0.24641872727454148
0.0571619327776437
0.023566187280994244
0.08578712290489032
0.034087027165406236
0.03655346595458209
0.08509634072139988
0.07298980505393404
0.01860274048970212
0.06181702932703903
0.015444697225054593
0.03209847260742271
0.07919425911513506
0.08433309070829403
0.02342194888207494
0.04327369657975316
0.03245967129755101
0.13634772127096423
0.04845098562980188
0.007088880383537888
0.09342909859613441
0.15282610364063323
0.13908409434160812
0.12918187955575755
0.08565615192333453
0.008851513863462057
0.07409693353454327
0.12446034470338202
0.09536324178217914
0.1138556835302833
0.044161619007476394
0.07462225203438067
0.04637618136259991
0.11889162744724036
0.08714041174452675
0.15298395355669184
0.18367902956847929
0.14309938951775691
0.19668052024799743
0.08190971753239606
0.0857076063848371
0.04509443886886744
0.06585287117408167
0.1319042565846386
0.05349361077953896
0.17083297127795236
0.057239828814128535
0.10476396679533195
0.022843014186932464
0.1046897233938443
0.10331335217579185
0.06903116013875599
0.12919643928340496
0.11876799124692006
0.03905146743853105
0.059660736566590544
0.014509232432174946
0.055909874906822865
0.03918580879428801
0.041209492585499885
0.1262878975433518
0.10007523975012234
0.026689963985943865
0.030835406013915323
0.058651596164408626
0.15666584990773638
0.034694292377813796
0.0728889940321929
0.05058973575944348
0.009119526827942759
0.07977692135801018
0.09545931706855548
0.1270003357259225
0.12217740984827519
0.022672593921218565
0.06996240875264731
0.1367043083070374
0.08444733069158394
0.08283349427588516
0.0737593364204927
0.05209517445230538
0.03546896902654928
0.07381159531371584
0.047561457436460786
0.08300702730487208
0.06264425286802089
0.05953738906961631
0.0904642607891063
0.11852337910874361
0.05277718812751353
0.058730834616724625
-0.01096781325938423
0.07314448951910385
0.03556374101768911
0.10541768115972583
0.06517533375004048
0.07701446725874717
0.09600203731598572
0.1287251992456292
0.05249846243539935
0.0514651189978213
0.10074886934071853
0.013076289047060652
0.024882847530252272
0.07366980315244498
0.08381672410303964
0.031640891575305474
0.033402690763190246
0.06519997644665743
0.016148477371303205
0.06777051145137974
0.048561983374116546
0.08292183337927439
0.03592448589005176
0.028996223193214266
0.05699356938969735
0.12908247357896374
0.07696415204219742
0.0024319952239183484
0.10273504951341456
0.11310034311106926
0.08968069964303671
0.05337339243894157
0.11224453990694028
0.04419855109152626
0.08880522395299834
0.1385461700514643
0.027574494962513296
0.1317662897345087
0.08181646872506432
0.08874367200833283
0.07920535413838331
0.04630752142045924
0.050908539294878596
0.039860232710396404
0.30928397998616514
0.09800696017580623
0.027565340684176043
0.11910888985818513
-0.018768658665323956
0.06312310567308954
0.04722939480270416
0.057340449699349594
0.09895030938011679
0.043108476130364615
0.10784951363408457
0.057333549341672285
0.10256112000149303
0.022305645618077352
0.06116781851513209
-0.011212650038419425
0.0970455081755548
0.08938760754379105
0.0684906551158429
0.0662537721608707
0.0676431121610177
0.08462582169442262
0.03046898251187652
0.11035565222480875
0.05903936011994049
0.04457664903781966
0.0596572076864621
0.05828116819001977
0.04595669485803355
0.11493733282600865
0.08790026129795758
0.10541205365995082
0.039440254788978724
0.016381492933592368
0.1489937301528536
0.12275836068696944
0.08432835131854671
0.1072079424140987
0.05958828436726776
0.062054869460709816
0.06567386371618256
0.20018800525362324
0.05565176442562314
0.08142777481753194
0.199214691463202
0.1364405727259384
0.08859107020730528
0.11994542514100892
0.0900251272332993
0.08742484816231894
0.11117388713670268
0.09325279360727645
0.11304912194396077
0.06366507331222715
0.06604297679971832
0.04399953398760614
0.036809951528700924
0.09217209576868118
0.06088243038901031
0.06826422858791326
0.07739665913527205
0.03270161922482473
-0.007779895948446525
0.12707094468530855
0.04117416221764414
0.03878399944918193
0.0474051810629561
0.12823545779780265
0.18464648091585056
0.0027564983117712716
0.041419859528174174
0.006353203193935175
0.09160861289447292
0.14854007666176428
0.036688453460869686
0.03831521000974669
0.06867077434694197
0.09625088315260677
0.019073593454640658
0.07292823419136335
0.026251102075346644
0.08222465010057822
0.17490782181633444
0.1197525536225133
0.15036559422482676
0.05868994977063513
0.093211716579921
0.09754440183204621
0.05564980433523159
0.1210767124932059
0.1295590250167351
0.14587921569124163
0.08967587968294671
0.0503907506235427
0.014845612782896977
0.16797252291677203
0.02716309121452798
0.05020053712380623
0.06823494199090224
0.11671591380639024
0.1720724176603981
0.15706200521065986
0.1484244331635458
0.15344273483962353
0.040976290755103895
0.04721216716151866
0.08101563444278004
0.16791477496685872
0.2229792232158516
0.08674502175784538
0.12265570115145391
0.1438058578108345
0.09671058822297585
0.10315083950959786
0.12237794274171676
0.07195198879492226
0.10265956513875069
0.05976010870101156
0.045324488038004596
0.05364147443946543
0.015570697029002711
0.057078122038737966
0.0376151156275395
0.040739413479418896
0.04523115084287821
0.08137606626338156
0.03879267160318178
0.02458656541701809
0.1500482877763074
0.11509985827122687
0.053013310325434104
0.06537870230002973
0.10739138225417333
0.07717413420088276
0.15361401031060137
0.06180538439532912
0.09389160527539253
0.010948479004457501
0.08476410084415326
0.11331521715352288
0.07291186771414288
0.10271501548245521
-0.011525557271839959
0.07691142263957979
0.06324721848656945
0.03789079025202313
0.06249317877672117
0.08475991431131408
0.03052153917650946
0.032250373036417535
0.10256205209162572
0.0513076974419962
0.07049722268155528
0.06637009643607633
0.06511428633348548
0.25468123471656245
0.02188445059373667
-0.008150661219043176
0.12693476058470438
0.0648504316118127
0.1351424396469339
0.020569080413490703
0.08370892942259994
0.08909823715519638
0.16796989300473897
0.03352082127514572
0.15726006083500907
0.11981266435659399
0.044763499824266084
0.15402228239267357
0.07111274599843165
0.12265159117553054
0.10940796276242032
0.1487059173710905
0.14028269335825205
0.09071858083852546
0.03324763691535182
0.06381949216407973
0.1348325786885174
0.01738027572561357
0.09652543869292829
0.1309249808583403
0.042002248347394466
0.07377235615431582
0.02310137136667101
0.03663381131337329
0.09017906520834262
0.038275024705830774
0.09725658254862946
0.0618557003332027
0.08114707907852858
